99
99
1314
1314
1314
1314
1314
1314
981
981
981
75
75
75
33
33
33
24
24
24
21
21
21
30
30
30
27
27
27
24
24
24
51
51
51
75
75
75
123
123
123
60
60
60
36
36
36
45
45
45
48
48
48
48
48
48
48
48
48
39
39
39
33
33
33
30
30
30
33
33
33
42
42
42
51
51
51
75
75
75
81
81
81
69
69
69
66
66
66
45
45
45
30
30
30
30
30
30
30
30
30
30
30
30
24
24
24
21
21
21
198
198
198
1062
1062
1062
300
300
300
66
66
66
48
48
48
117
117
117
72
72
72
36
36
36
45
45
45
339
339
339
540
540
540
990
990
990
915
915
915
318
318
318
768
768
768
663
663
663
246
246
246
522
522
522
303
303
303
267
267
267
54
54
54
48
48
48
1191
1191
1191
1119
1119
1119
273
273
273
117
117
117
1314
1314
1314
327
327
327
63
63
63
33
33
33
33
33
33
1074
1074
1074
657
657
657
864
864
864
756
756
756
216
216
216
75
75
75
21
21
21
21
21
21
39
39
39
69
69
69
51
51
51
30
30
30
36
36
36
51
51
51
81
81
81
72
72
72
39
39
39
27
27
27
24
24
24
21
21
21
24
24
24
66
66
66
45
45
45
27
27
27
24
24
24
18
18
18
18
18
18
21
21
21
21
21
21
18
18
18
15
15
15
18
18
18
27
27
27
24
24
24
27
27
27
1314
1314
1314
525
525
525
159
159
159
45
45
45
30
30
30
24
24
24
60
60
60
87
87
87
48
48
48
21
21
21
18
18
18
15
15
15
27
27
27
18
18
18
15
15
15
33
33
33
48
48
48
54
54
54
33
33
33
78
78
78
120
120
120
30
30
30
24
24
24
72
72
72
135
135
135
90
90
90
24
24
24
24
24
24
18
18
18
15
15
15
24
24
24
27
27
27
30
30
30
24
24
24
240
240
240
318
318
318
69
69
69
45
45
45
228
228
228
300
300
300
147
147
147
66
66
66
69
69
69
141
141
141
102
102
102
66
66
66
78
78
78
129
129
129
519
519
519
786
786
786
306
306
306
126
126
126
180
180
180
36
36
36
48
48
48
108
108
108
75
75
75
60
60
60
42
42
42
21
21
21
18
18
18
33
33
33
69
69
69
90
90
90
87
87
87
57
57
57
39
39
39
84
84
84
138
138
138
159
159
159
36
36
36
24
24
24
21
21
21
33
33
33
129
129
129
186
186
186
66
66
66
126
126
126
372
372
372
678
678
678
165
165
165
33
33
33
690
690
690
765
765
765
141
141
141
45
45
45
63
63
63
63
63
63
36
36
36
123
123
123
198
198
198
228
228
228
285
285
285
249
249
249
108
108
108
105
105
105
132
132
132
54
54
54
66
66
66
69
69
69
72
72
72
162
162
162
162
162
162
102
102
102
99
99
99
87
87
87
39
39
39
60
60
60
75
75
75
108
108
108
162
162
162
132
132
132
51
51
51
30
30
30
57
57
57
129
129
129
117
117
117
102
102
102
90
90
90
105
105
105
132
132
132
123
123
123
93
93
93
54
54
54
33
33
33
63
63
63
72
72
72
48
48
48
27
27
27
21
21
21
21
21
21
18
18
18
18
18
18
18
18
18
21
21
21
24
24
24
21
21
21
24
24
24
21
21
21
18
18
18
18
18
18
18
18
18
18
18
18
18
18
18
18
18
18
18
18
18
18
18
18
18
18
18
81
81
81
48
48
48
21
21
21
30
30
30
36
36
36
30
30
30
27
27
27
27
27
27
30
30
30
36
36
36
21
21
21
21
21
21
15
15
15
15
15
15
15
15
15
15
15
15
15
15
15
15
15
15
15
15
15
15
15
15
30
30
30
72
72
72
18
18
18
18
18
18
15
15
15
15
15
15
18
18
18
24
24
24
24
24
24
21
21
21
18
18
18
18
18
18
18
18
18
18
18
18
15
15
15
18
18
18
15
15
15
15
15
15
15
15
15
15
15
15
15
15
15
15
15
15
15
15
15
15
15
15
15
15
15
15
15
15
15
15
15
15
15
15
15
15
15
15
15
15
15
15
15
15
15
15
15
15
15
15
15
15
15
15
15
15
15
15
15
15
15
15
15
15
15
15
15
15
15
15
15
15
15
15
15
15
18
18
18
15
15
15
15
15
15
15
15
15
18
18
18
18
18
18
18
18
18
18
18
18
18
18
18
18
18
18
24
24
24
39
39
39
282
282
282
270
270
270
309
309
309
375
375
375
363
363
363
264
264
264
81
81
81
105
105
105
201
201
201
153
153
153
54
54
54
48
48
48
213
213
213
402
402
402
432
432
432
360
360
360
204
204
204
102
102
102
75
75
75
69
69
69
186
186
186
225
225
225
198
198
198
177
177
177
120
120
120
120
120
120
57
57
57
36
36
36
24
24
24
21
21
21
18
18
18
21
21
21
24
24
24
15
15
15
15
15
15
15
15
15
15
15
15
15
15
15
21
21
21
69
69
69
99
99
99
120
120
120
105
105
105
57
57
57
39
39
39
66
66
66
105
105
105
90
90
90
51
51
51
39
39
39
96
96
96
60
60
60
24
24
24
21
21
21
42
42
42
51
51
51
45
45
45
39
39
39
24
24
24
27
27
27
18
18
18
18
18
18
18
18
18
15
15
15
60
60
60
204
204
204
249
249
249
210
210
210
63
63
63
57
57
57
45
45
45
42
42
42
129
129
129
330
330
330
336
336
336
255
255
255
120
120
120
81
81
81
66
66
66
219
219
219
531
531
531
528
528
528
495
495
495
153
153
153
204
204
204
87
87
87
108
108
108
126
126
126
66
66
66
291
291
291
354
354
354
207
207
207
90
90
90
45
45
45
57
57
57
39
39
39
153
153
153
186
186
186
282
282
282
273
273
273
273
273
273
222
222
222
126
126
126
69
69
69
36
36
36
30
30
30
27
27
27
57
57
57
123
123
123
108
108
108
69
69
69
87
87
87
213
213
213
183
183
183
45
45
45
123
123
123
159
159
159
135
135
135
93
93
93
54
54
54
27
27
27
24
24
24
21
21
21
21
21
21
18
18
18
18
18
18
18
18
18
18
18
18
21
21
21
36
36
36
66
66
66
105
105
105
63
63
63
39
39
39
33
33
33
60
60
60
57
57
57
27
27
27
111
111
111
237
237
237
195
195
195
24
24
24
18
18
18
18
18
18
18
18
18
18
18
18
18
18
18
18
18
18
18
18
18
18
18
18
21
21
21
279
279
279
294
294
294
270
270
270
177
177
177
174
174
174
87
87
87
36
36
36
84
84
84
153
153
153
93
93
93
48
48
48
60
60
60
135
135
135
195
195
195
153
153
153
87
87
87
45
45
45
30
30
30
21
21
21
21
21
21
21
21
21
69
69
69
102
102
102
120
120
120
120
120
120
78
78
78
36
36
36
24
24
24
21
21
21
21
21
21
18
18
18
18
18
18
21
21
21
18
18
18
21
21
21
18
18
18
21
21
21
21
21
21
141
141
141
198
198
198
177
177
177
96
96
96
1314
1314
1314
147
147
147
84
84
84
57
57
57
36
36
36
24
24
24
18
18
18
18
18
18
21
21
21
45
45
45
114
114
114
138
138
138
126
126
126
99
99
99
72
72
72
66
66
66
45
45
45
27
27
27
21
21
21
18
18
18
18
18
18
18
18
18
18
18
18
15
15
15
18
18
18
81
81
81
42
42
42
42
42
42
33
33
33
24
24
24
30
30
30
33
33
33
57
57
57
54
54
54
42
42
42
60
60
60
78
78
78
63
63
63
48
48
48
54
54
54
48
48
48
57
57
57
39
39
39
60
60
60
162
162
162
213
213
213
102
102
102
87
87
87
60
60
60
483
483
483
924
924
924
120
120
120
69
69
69
78
78
78
102
102
102
99
99
99
78
78
78
54
54
54
45
45
45
51
51
51
54
54
54
69
69
69
72
72
72
90
90
90
330
330
330
780
780
780
162
162
162
117
117
117
63
63
63
54
54
54
33
33
33
27
27
27
30
30
30
30
30
30
66
66
66
33
33
33
30
30
30
45
45
45
102
102
102
162
162
162
165
165
165
135
135
135
132
132
132
126
126
126
117
117
117
87
87
87
63
63
63
39
39
39
30
30
30
21
21
21
18
18
18
42
42
42
63
63
63
69
69
69
39
39
39
63
63
63
84
84
84
78
78
78
48
48
48
21
21
21
48
48
48
39
39
39
66
66
66
